algorithm 0.47712125471966244 0001 1 5.2358279092210935
cofounder 0.47712125471966244 0001 1 5.2358279092210935
engine 0.47712125471966244 0001 1 5.2358279092210935
google 0.47712125471966244 0001 1 5.2358279092210935
larry 0.47712125471966244 0001 1 5.2358279092210935
melina 0.47712125471966244 0001 1 5.2358279092210935
named 0.47712125471966244 0001 1 5.2358279092210935
odell 0.47712125471966244 0001 1 5.2358279092210935
page 0.47712125471966244 0001 1 5.2358279092210935
pageauthor 0.47712125471966244 0001 1 5.2358279092210935
pagerankpagerankpagerank 0.47712125471966244 0001 1 5.2358279092210935
pages 0.47712125471966244 0001 1 5.2358279092210935
pr 0.47712125471966244 0001 1 5.2358279092210935
rank 0.47712125471966244 0001 1 5.2358279092210935
results 0.47712125471966244 0001 1 5.2358279092210935
search 0.47712125471966244 0001 2 5.2358279092210935
term 0.0 0001 1 5.2358279092210935
web 0.47712125471966244 0001 2 5.2358279092210935
