andrew 0.47712125471966244 0003 1 9.56107705162113
collection 0.47712125471966244 0003 1 9.56107705162113
corpusauthor 0.47712125471966244 0003 1 9.56107705162113
deorio 0.47712125471966244 0003 1 9.56107705162113
document 0.47712125471966244 0003 2 9.56107705162113
frequency 0.47712125471966244 0003 1 9.56107705162113
frequencyinverse 0.47712125471966244 0003 1 9.56107705162113
importance 0.47712125471966244 0003 1 9.56107705162113
information 0.47712125471966244 0003 1 9.56107705162113
measure 0.47712125471966244 0003 1 9.56107705162113
retrieval 0.47712125471966244 0003 1 9.56107705162113
short 0.47712125471966244 0003 1 9.56107705162113
term 0.0 0003 1 9.56107705162113
tfidf 0.47712125471966244 0003 5 9.56107705162113
tfidftfidfin 0.47712125471966244 0003 1 9.56107705162113
word 0.47712125471966244 0003 1 9.56107705162113
