algebraic 0.47712125471966244 0002 1 8.65049828480007
baveja 0.47712125471966244 0002 1 8.65049828480007
documents 0.47712125471966244 0002 1 8.65049828480007
general 0.47712125471966244 0002 1 8.65049828480007
identifiers 0.47712125471966244 0002 1 8.65049828480007
index 0.47712125471966244 0002 1 8.65049828480007
maya 0.47712125471966244 0002 1 8.65049828480007
model 0.47712125471966244 0002 3 8.65049828480007
modelvector 0.47712125471966244 0002 2 8.65049828480007
objects 0.47712125471966244 0002 1 8.65049828480007
representing 0.47712125471966244 0002 1 8.65049828480007
space 0.47712125471966244 0002 3 8.65049828480007
term 0.0 0002 1 8.65049828480007
termsauthor 0.47712125471966244 0002 1 8.65049828480007
text 0.47712125471966244 0002 1 8.65049828480007
vector 0.47712125471966244 0002 2 8.65049828480007
vectors 0.47712125471966244 0002 1 8.65049828480007
